a=[465.954254 466.389679 466.389679 466.563843 466.650940 466.302582 466.999298 466.563843 466.912201 465.867157 465.780060 466.650940 466.302582 466.476746 466.825104 466.999298 466.650940 466.563843 466.825104 466.650940 466.650940 466.041321 465.954254 466.563843 466.650940 466.215485 466.825104 465.954254 466.128418 466.650940 466.389679 466.041321 466.476746 466.215485 466.302582 466.738007 466.476746 465.867157 466.738007 466.563843 466.825104 466.476746 467.086395 466.650940 466.563843 466.128418 466.650940 466.563843 466.302582 466.650940 466.650940 466.215485 466.128418 465.954254 465.780060 466.041321 466.041321 466.128418 465.954254 465.954254 467.434753 466.389679 466.650940 466.302582 465.954254 465.867157 465.780060 465.780060 465.867157 465.954254 465.954254 466.389679 466.128418 465.954254 466.999298 466.563843 465.954254 466.041321 465.780060 466.128418 466.128418 466.128418 466.389679 466.476746 466.302582 466.650940 466.128418 466.389679 466.563843 466.476746 466.302582 466.563843 466.302582 466.302582 466.041321 466.128418 465.867157 465.954254 466.128418 466.128418 466.215485 465.954254 466.128418 466.389679 466.302582 466.476746 466.476746 466.476746 466.650940 466.563843 466.738007 466.476746 466.825104 466.476746 466.302582 466.128418 466.128418 466.302582 466.215485 465.954254 465.692993 465.780060 465.867157 466.912201 465.867157 465.780060 465.780060 466.128418 465.867157 465.867157 465.954254 465.867157 465.780060 466.128418 465.954254 466.389679 466.215485 465.692993 466.215485 466.302582 466.215485 465.954254 466.128418 465.954254 465.867157 466.302582 466.389679 465.954254 466.563843 466.128418 466.128418 466.302582 466.215485 465.954254 466.041321 466.563843 466.128418 466.476746 466.476746 466.302582 466.476746 466.302582 467.260559 466.912201 466.738007 466.563843 466.825104 466.476746 466.389679 466.128418 466.302582 465.954254 466.563843 466.738007 466.041321 465.954254 465.780060 466.215485 465.867157 466.215485 465.867157 465.692993 466.041321 466.650940 465.954254 465.867157 466.128418 465.954254 466.128418 466.215485 466.302582 466.476746 466.215485 466.215485 466.738007 466.389679 466.476746 466.738007 466.476746 465.954254 466.389679 466.650940 466.476746 465.954254 465.954254 466.302582 466.215485 466.912201 466.302582 466.563843 466.215485 466.476746 466.650940 466.999298 466.215485 466.389679 465.954254 466.128418 466.650940 466.215485 466.215485 466.738007 466.476746 466.476746 467.086395 466.215485 466.389679 466.476746 466.912201 466.302582 466.825104 466.041321 466.389679 466.389679 466.563843 466.563843 466.128418 466.563843 466.563843 466.389679 466.650940 466.128418 466.302582 466.563843 466.128418 466.650940 467.086395 466.650940 466.650940 467.086395 466.738007 466.999298 466.563843 465.780060 466.302582 466.215485 466.825104 466.215485 466.476746 466.128418 466.999298 466.476746 466.825104 467.173492 466.389679 466.476746 466.738007 466.912201 466.389679 466.738007 466.389679 466.476746 466.650940 467.173492 466.825104 466.389679 466.650940 466.041321 466.302582 465.867157 465.692993 465.518829 466.389679 465.605927 466.476746 466.215485 466.650940 465.867157 466.302582 466.215485 466.738007 466.128418 466.738007 466.825104 466.825104 467.173492 466.825104 466.302582 466.476746 466.999298 466.999298 466.476746 466.825104 466.825104 466.999298 466.738007 466.738007 466.999298 466.738007 466.912201 466.041321 466.128418 466.302582 465.867157 466.302582 466.650940 466.738007 467.173492 466.999298 466.825104 465.518829 465.954254 466.738007 466.650940 466.563843 466.999298 466.476746 466.563843 466.912201 466.302582 466.215485 466.563843 466.738007 466.650940 466.389679 466.912201 465.954254 466.650940 465.954254 466.825104 466.389679 466.128418 466.650940 466.999298 466.912201 465.780060 466.215485 465.780060 466.563843 466.912201 466.389679 467.086395 466.650940 466.650940 466.302582 466.738007 465.867157 466.563843 466.650940 466.215485 466.302582 466.476746 466.650940 465.954254 466.650940 466.738007 466.041321 466.563843 467.086395 465.954254 466.650940 466.825104 466.476746 466.041321 466.825104 466.563843 466.476746 466.999298 466.738007 466.650940 466.738007 466.912201 466.738007 466.999298 466.825104 466.650940 466.825104 466.302582 466.912201 466.302582 466.215485 466.912201 466.825104 466.563843 466.650940 466.999298 466.738007 466.302582 466.302582 466.476746 466.128418 466.476746 465.867157 466.041321 466.128418 466.128418 466.302582 466.389679 466.128418 466.215485 465.867157 466.215485 465.954254 466.041321 466.738007 466.476746 466.302582 466.128418 466.302582 466.650940 466.302582 466.738007 466.738007 466.389679 466.738007 466.302582 466.389679 466.650940 465.954254 466.912201 466.389679 466.476746 466.912201 467.086395 466.825104 466.912201 466.389679 466.476746 466.825104 466.563843 466.650940 466.563843 466.389679 466.476746 466.650940 466.389679 466.650940 466.389679 466.476746 466.650940 465.780060 465.692993 466.041321 466.389679 466.389679 466.476746 466.215485 466.128418 466.128418 466.650940 466.389679 466.738007 466.650940 466.650940 466.563843 466.476746 466.563843 466.302582 465.954254 466.302582 466.302582 466.563843 466.563843 466.738007 465.692993 466.041321 466.476746 466.302582 466.302582 466.650940 466.215485 466.563843 466.738007 466.476746 466.389679 466.563843 466.650940 466.650940 466.563843 466.389679 466.476746 466.650940 466.389679 466.650940 466.650940 466.476746 466.738007 466.476746 466.650940 466.476746 466.563843 466.476746 466.215485 466.215485 465.605927 466.389679 466.128418 466.215485 466.476746 466.825104 466.476746 466.302582 466.738007 466.563843 466.476746 466.563843 466.476746 466.389679 466.650940 466.476746 465.867157 466.302582 466.476746 466.563843 465.431763 465.954254 465.780060 465.867157 465.954254 465.780060 465.518829 466.041321 465.954254 466.041321 465.954254 466.128418 466.650940 466.650940 466.476746 466.041321 466.476746 466.302582 466.215485 466.389679 466.215485 466.476746 466.476746 466.476746 466.476746 466.128418 466.563843 466.476746 466.128418 466.215485 466.389679 466.389679 466.302582 466.389679 465.954254 466.476746 466.389679 466.128418 466.302582 466.215485 466.476746 466.389679 466.302582 466.302582 465.867157 465.518829 465.605927 465.867157 466.302582 466.128418 466.128418 465.954254 466.215485 466.302582 466.389679 466.650940 466.476746 466.389679 466.215485 466.128418 466.389679 466.215485 466.041321 466.215485 466.215485 466.041321 466.476746 466.476746 466.389679 465.954254 466.041321 466.215485 466.128418 466.041321 466.041321 466.128418 466.389679 466.999298 466.389679 466.563843 466.738007 466.302582 466.128418 466.389679 466.215485 466.302582 465.867157 466.041321 466.041321 465.954254 466.041321 466.041321 465.954254 465.954254 465.954254 466.041321 466.302582 465.780060 465.867157 466.389679 466.476746 466.302582 466.041321 466.563843 466.389679 466.476746 466.825104 466.128418 466.563843 466.389679 466.476746 466.302582 465.954254 466.476746 466.476746 466.389679 465.605927 465.780060 465.867157 466.128418 466.041321 465.692993 466.128418 466.041321 465.867157 466.215485 466.128418 465.867157 465.780060 465.780060 465.692993 465.954254 465.954254 466.041321 465.780060 466.128418 465.780060 466.041321 465.954254 466.041321 465.867157 465.605927 466.215485 466.650940 466.825104 466.825104 466.738007 466.650940 466.128418 466.476746 466.128418 466.825104 465.867157 466.128418 466.476746 466.389679 466.215485 465.692993 466.128418 466.650940 465.954254 465.780060 465.954254 466.215485 466.215485 466.215485 465.954254 465.954254 465.954254 465.867157 466.128418 466.650940 466.476746 466.041321 466.302582 465.954254 466.302582 466.563843 466.912201 466.302582 466.476746 466.476746 466.128418 466.389679 466.738007 466.302582 466.563843 466.128418 466.302582 466.563843 466.563843 466.912201 466.215485 466.389679 465.780060 465.954254 466.563843 466.215485 466.128418 465.780060 466.912201 466.128418 466.563843 