a=[488.271790 488.446350 488.533630 488.533630 488.359070 488.533630 488.271790 488.446350 488.359070 488.359070 488.359070 488.533630 488.359070 488.359070 488.620911 488.533630 488.446350 488.446350 488.359070 488.446350 488.620911 488.620911 488.359070 488.271790 488.533630 488.446350 488.533630 488.533630 488.271790 488.359070 488.620911 488.359070 488.359070 488.446350 488.533630 488.533630 488.359070 488.446350 488.446350 488.359070 488.446350 488.359070 488.184540 488.533630 488.446350 488.446350 488.359070 488.446350 488.533630 488.359070 488.359070 488.359070 488.271790 488.533630 488.533630 488.620911 488.359070 488.271790 488.271790 488.271790 488.359070 488.533630 488.708160 488.533630 488.271790 488.533630 488.620911 488.533630 488.271790 488.359070 488.359070 488.446350 488.359070 488.271790 488.271790 488.359070 488.533630 488.359070 488.359070 488.533630 488.271790 488.359070 488.446350 488.446350 488.446350 488.359070 488.446350 488.271790 488.446350 488.359070 488.446350 488.271790 488.359070 488.271790 488.271790 488.446350 488.533630 488.359070 488.620911 488.359070 488.533630 488.359070 488.359070 488.446350 488.533630 488.446350 488.359070 488.359070 488.271790 488.359070 488.271790 488.446350 488.446350 488.533630 488.359070 488.359070 488.271790 488.620911 488.359070 488.359070 488.446350 488.184540 488.359070 488.533630 488.533630 488.533630 488.271790 488.533630 488.533630 488.446350 488.446350 488.359070 488.359070 488.446350 488.446350 488.359070 488.446350 488.446350 488.533630 488.533630 488.271790 488.359070 488.359070 488.533630 488.359070 488.446350 488.446350 488.446350 488.533630 488.359070 488.359070 488.446350 488.359070 488.446350 488.533630 488.359070 488.533630 488.620911 488.533630 488.533630 488.271790 488.359070 488.446350 488.359070 488.271790 488.533630 488.446350 488.533630 488.446350 488.446350 488.446350 488.271790 488.446350 488.533630 488.533630 488.446350 488.359070 488.533630 488.359070 488.620911 488.446350 488.533630 488.533630 488.359070 488.620911 488.359070 488.446350 488.359070 488.446350 488.359070 488.359070 488.533630 488.446350 488.446350 488.446350 488.359070 488.359070 488.184540 488.446350 488.446350 488.446350 488.533630 488.446350 488.359070 488.446350 488.359070 488.620911 488.271790 488.446350 488.446350 488.620911 488.533630 488.533630 488.271790 488.359070 488.446350 488.533630 488.184540 488.359070 488.359070 488.446350 488.359070 488.271790 488.359070 488.533630 488.620911 488.533630 488.533630 488.271790 488.359070 488.271790 488.446350 488.359070 488.533630 488.533630 488.446350 488.533630 488.359070 488.533630 488.271790 488.446350 488.184540 488.359070 488.446350 488.359070 488.359070 488.446350 488.359070 488.533630 488.359070 488.271790 488.359070 488.446350 488.446350 488.446350 488.359070 488.359070 488.184540 488.359070 488.533630 488.446350 488.359070 488.359070 488.184540 488.271790 488.446350 488.359070 488.359070 488.359070 488.359070 488.446350 488.533630 488.533630 488.446350 488.446350 488.359070 488.533630 488.359070 488.271790 488.446350 488.446350 488.446350 488.446350 488.359070 488.359070 488.533630 488.359070 488.359070 488.446350 488.271790 488.271790 488.271790 488.533630 488.620911 488.271790 488.359070 488.446350 488.533630 488.184540 488.446350 488.533630 488.097260 488.271790 488.533630 488.271790 488.533630 488.446350 488.446350 488.446350 488.446350 488.533630 488.359070 488.446350 488.446350 488.446350 488.184540 488.446350 488.359070 488.359070 488.533630 488.446350 488.359070 488.359070 488.359070 488.533630 488.359070 488.271790 488.446350 488.271790 488.446350 488.271790 488.359070 488.446350 488.359070 488.359070 488.359070 488.184540 488.533630 488.446350 488.359070 488.533630 488.533630 488.620911 488.271790 488.359070 488.359070 488.446350 488.271790 488.359070 488.446350 488.271790 488.184540 488.271790 488.446350 488.446350 488.271790 488.184540 488.271790 488.620911 488.359070 488.533630 488.359070 488.271790 488.359070 488.271790 488.359070 488.533630 488.359070 488.446350 488.533630 488.184540 488.271790 488.446350 488.359070 488.533630 488.359070 488.446350 488.533630 488.359070 488.359070 488.446350 488.359070 488.097260 488.533630 488.359070 488.271790 488.359070 488.359070 488.446350 488.271790 488.533630 488.359070 488.446350 488.446350 488.359070 488.271790 488.708160 488.446350 488.446350 488.359070 488.271790 488.271790 488.446350 488.620911 488.446350 488.359070 488.359070 488.446350 488.359070 488.359070 488.446350 488.533630 488.271790 488.533630 488.446350 488.359070 488.359070 488.446350 488.359070 488.097260 488.184540 488.359070 488.271790 488.533630 488.359070 488.446350 488.184540 488.184540 488.446350 488.533630 488.271790 488.271790 488.446350 488.446350 488.359070 488.359070 488.271790 488.097260 488.446350 488.359070 488.446350 488.271790 488.184540 488.359070 488.446350 488.446350 488.359070 488.446350 488.359070 488.446350 488.446350 488.533630 488.446350 488.446350 488.533630 488.359070 488.446350 488.184540 488.446350 488.271790 488.533630 488.271790 488.359070 488.097260 488.446350 488.359070 488.359070 488.359070 488.446350 488.359070 488.359070 488.271790 488.271790 488.359070 488.359070 488.271790 488.359070 488.446350 488.533630 488.446350 488.446350 488.533630 488.271790 488.184540 488.533630 488.359070 488.446350 488.446350 488.271790 488.359070 488.446350 488.446350 488.359070 488.533630 488.446350 488.533630 488.446350 488.271790 488.271790 488.359070 488.446350 488.446350 488.620911 488.446350 488.446350 488.359070 488.359070 488.359070 488.184540 488.533630 488.533630 488.359070 488.271790 488.359070 488.184540 488.184540 488.446350 488.359070 488.359070 488.533630 488.359070 488.359070 488.446350 488.446350 488.271790 488.359070 488.359070 488.446350 488.359070 488.533630 488.620911 488.184540 488.446350 488.446350 488.271790 488.533630 488.446350 488.359070 488.446350 488.359070 488.446350 488.359070 488.359070 488.359070 488.271790 488.533630 488.271790 488.446350 488.446350 488.271790 488.446350 488.533630 488.271790 488.446350 488.359070 488.271790 488.359070 488.446350 488.271790 488.359070 488.359070 488.620911 488.620911 488.271790 488.620911 488.359070 488.446350 488.446350 488.446350 488.359070 488.359070 488.533630 488.446350 488.271790 488.271790 488.620911 488.446350 488.446350 488.446350 488.271790 488.271790 488.271790 488.359070 488.184540 488.533630 488.359070 488.446350 488.446350 488.271790 488.359070 488.184540 488.359070 488.359070 488.359070 488.533630 488.446350 488.359070 488.184540 488.446350 488.359070 488.446350 488.359070 488.359070 488.359070 488.271790 488.446350 488.533630 488.359070 488.359070 488.359070 488.446350 488.271790 488.184540 488.446350 488.446350 488.446350 488.446350 488.359070 488.359070 488.533630 488.359070 488.620911 488.533630 488.184540 488.184540 488.271790 488.271790 488.446350 488.359070 488.271790 488.533630 488.184540 488.533630 488.446350 488.446350 488.446350 488.446350 488.446350 488.359070 488.359070 488.446350 488.359070 488.620911 488.271790 488.359070 488.359070 488.446350 488.359070 488.271790 488.533630 488.359070 488.533630 488.359070 488.533630 488.446350 488.446350 488.359070 488.359070 488.359070 488.359070 488.359070 488.271790 488.359070 488.446350 488.359070 488.446350 488.533630 488.533630 488.271790 488.271790 488.359070 488.620911 488.359070 488.446350 488.446350 488.359070 488.446350 488.359070 488.184540 488.359070 488.533630 488.533630 488.446350 488.446350 488.533630 488.446350 488.533630 488.446350 488.533630 488.533630 488.359070 488.271790 488.446350 488.446350 488.359070 488.446350 488.446350 488.271790 488.620911 488.271790 488.359070 488.271790 488.359070 488.533630 488.446350 488.359070 488.359070 488.533630 488.359070 488.620911 488.620911 488.184540 488.446350 488.359070 488.533630 488.446350 488.446350 488.359070 488.533630 488.446350 488.533630 488.359070 488.359070 488.446350 488.533630 488.271790 488.446350 